291
-444
-456
199
465
31
118
-16
103
-23
199
342
291
374
-206
-383
-15
-286
-216
-287
155
310
-345
-444
-254
-7
304
-99
-143
-456
-349
154
-38
-60
166
-40
256
-107
-31
-454
486
270
-458
-367
258
310
-342
-405
-361
-393
111
-243
102
-324
424
-224
-120
-80
472
473
436
-206
429
91
-380
-394
-493
256
454
217
-388
367
-299
66
-122
-79
-157
-411
220
-180
-333
-357
88
32
334
112
155
-350
-224
-490
407
460
-41
237
114
150
164
-488
162
483
303
-444
204
-245
-144
466
246
-14
219
-4
-463
391
476
-258
-378
339
-113
476
174
102
-445
-27
-341
-291
237
-335
-494
341
424
233
-453
-21
63
-366
-436
-481
82
-296
458
356
108
-344
117
-278
-406
348
-111
281
-61
478
-30
-276
217
273
56
-272
-51
101
-210
-237
-81
-101
103
230
-136
200
-261
-339
187
-226
283
-121
120
268
-111
315
157
-196
-5
-341
38
381
313
283
-254
105
41
441
-481
85
-373
22
188
470
-415
363
-463
73
-333
398
-353
325
-443
354
-69
-366
-469
-103
269
-334
-199
-483
294
155
298
417
493
120
30
166
-1
93
-489
414
-265
-9
-23
-395
-56
312
-239
-331
-359
-136
108
-228
-482
-356
341
151
56
-405
342
470
76
223
-267
75
139
-449
68
253
207
118
408
191
-478
196
-325
111
45
417
-330
326
381
79
-231
-370
335
-112
113
221
333
200
128
-254
-492
-452
-269
331
351
-365
-473
-76
426
292
-494
413
-492
-269
-392
243
-406
270
-202
61
-437
139
-366
-374
-123
413
-218
-55
-184
-433
-138
-101
135
457
-317
-79
-270
-359
433
-384
-23
337
192
-361
-411
-364
236
149
-113
348
494
-17
67
-226
-216
113
222
126
-100
-329
-424
-441
194
-302
-224
474
-112
-65
317
-76
149
459
-320
-430
162
-217
26
-442
473
273
270
481
78
-84
66
-472
145
-264
272
374
272
-395
-431
191
58
-138
290
-492
298
313
380
-307
-166
-40
300
-364
-250
130
214
-395
-445
255
-464
134
251
-121
223
-429
-116
123
-135
267
227
55
444
213
-143
-460
200
65
33
-402
-380
-194
97
-209
94
293
-198
208
195
280
-442
412
185
407
430
-280
-307
-409
-345
-279
63
479
-277
-181
402
383
302
219
327
-64
-153
57
427
-33
-109
144
161
232
-353
-220
60
-496
-342
-2
-166
380
329
54
360
-431
292
-492
-456
312
-310
-81
-403
254
117
-443
-170
-457
269
-429
-194
-182
-13
-115
-59
137
-447
466
496
398
228
45
432
-14
-145
189
217
351
-175
-306
-240
213
-448
347
198
-112
227
307
474
197
117
-176
298
201
-194
-189
420
-460
-391
-310
397
498
319
-434
-262
375
-109
135
-156
226
-139
-195
-429
-367
-39
165
-73
-413
77
158
428
408
-151
-455
318
19
233
41
-376
-437
-174
-21
-23
314
238
-151
139
191
-118
161
311
137
-146
375
-453
-264
119
-335
464
330
297
-403
-176
-3
-167
-210
422
384
392
-32
-321
137
-256
183
-44
-73
-357
328
125
-86
257
-219
-433
-194
132
167
379
299
-143
-312
303
-179
217
-246
-256
500
-205
454
-324
355
281
466
195
-417
139
-79
169
-130
385
-65
150
-14
-391
-6
-104
-484
470
-395
-102
315
-425
-467
80
413
47
331
156
-323
-474
150
-333
467
89
-181
344
4
47
129
-25
332
141
-141
463
-125
-477
276
-68
122
141
-150
-228
441
396
-242
-323
-112
34
-339
261
249
43
208
242
-393
215
389
-426
94
139
-406
-95
-385
74
41
-438
44
422
322
63
-360
-255
-200
491
-204
-15
-220
-419
278
26
-244
-377
-385
-423
-164
89
-102
266
474
414
345
-141
-435
-425
-352
-112
-283
313
-493
-192
250
-300
5
-263
-28
-474
309
-23
405
381
-335
-385
221
456
180
-167
414
40
236
321
-168
-256
-240
-55
104
-196
-29
-494
146
407
152
498
-312
-189
16
-387
-387
-1
-406
-390
-272
-46
-59
-359
84
-239
313
185
264
-189
-304
-350
14
-316
-356
-341
157
102
62
-417
-230
234
-172
213
307
380
292
-296
-157
-434
162
-291
224
415
68
-50
412
-180
-246
279
436
359
233
-193
-112
-337
222
88
225
-278
-406
-295
335
442
-28
-143
-236
23
-199
266
-251
66
336
-442
349
207
-67
53
264
383
334
-70
-205
489
-301
370
-97
-296
27
-17
197
-102
-276
456
-269
179
-461
-19
-294
47
163
-111
-437
419
499
155
-14
-304
441
190
412
242
334
-185
370
-251
430
118
-487
-308
323
181
-406
326
444
34
222
410
-26
274
-25
217
369
-180
136
486
-360
-319
-201
-409
68
-121
-144
87
-437
187
-192
-338
-437
-322
68
-329
-73
-58
429
-326
401
64
459
-232
-417
-140
-439
40
-65
-262
72
-168
200
74
373
47
256
150
123
-480
-196
-350
-133
6
-163
496
-393
-410
314
-451
-357
-307
-22
-241
265
-218
-223
-455
461
-78
-454
-188
437
-159
-206
-376
-475
239
-169
-245
39
-194
160
143
102
-29
-313
413
-313
500
-66
-92
-196
292
-392
473
-103
-317
-497
276
-247
-432
-468
58
-118
-345
-236
-123
266
132
-409
23
286
-422
-116
115
-133
-230
495
-52
25
255
283
113
-162
-374
368
275
156
496
353
322
-77
end
